255 255 255 255 255 255 255 255 255 255 255 255 255 255 255 255
255 255 255 255 218 222 218 176 223 173 227 255 255 255 255 255
255 255 255 255 200 246 238 231 174  38  86 130 255 255 255 255
255 255 255 255  89  41  86 180  52 128  55 255  76 255 255 255
255 255 255 255  81 131  55  93  73 129 137 134 180 255 255 255
255 255 255 255 158  48  63 224 223  46  98 242 255 255 255 255
255 255 255 255  71 163 203 130  57 221  72 220 239 255 255 255
255 255 255 255  41 193 181 106  58 188 176  32 235 255 255 255
255 255 255 255  87  62 223  60  48  70 192  48 153 255 255 255
255 255 255 216 122 153 162 194  61 180 164  32 142 255 255 255
255 255 199  86 233 227  83  92  66  60  95 208 141 234 255 255
255 255 235 137 236 146 234 116 113 204  70 227 212 221 163 255
255 168 232 172  60 107 173 224 232 140 204 203 226 254 255 255
255 255 250 228 249 253 194 255 250 249 254 254 249 255 255 255
255 255 219 255 138  92 219 219 255 255 255 255 255 255 255 255
255 255 255 255 255 255 255 255 255 255 255 255 255 255 255 255
255 255 255 255 255 255 255 255 255 255 255 255 255 255 255 255
255 255 255 255 218 222 218 175 222 172 227 255 255 255 255 255
255 255 255 255 200 246 237 231 173  38  85 129 255 255 255 255
255 255 255 255  87  39  85 180  50 128  54 255  76 255 255 255
255 255 255 255  80 130  54  93  73 128 137 134 180 255 255 255
255 255 255 255 157  46  62 223 223  45  98 242 255 255 255 255
255 255 255 255  70 162 202 129  57 221  71 219 239 255 255 255
255 255 255 255  39 193 181 105  58 187 175  31 235 255 255 255
255 255 255 255  87  61 223  60  46  69 191  47 153 255 255 255
255 255 255 216 122 152 161 194  59 179 163  31 142 255 255 255
255 255 199  86 233 226  83  92  65  59  94 208 140 233 255 255
255 255 235 137 235 146 234 115 112 204  70 227 211 221 163 255
255 167 231 171  59 107 172 224 232 139 204 203 226 254 255 255
255 255 250 227 248 253 194 255 250 249 253 254 249 255 255 255
255 255 219 255 137  92 219 219 255 255 255 255 255 255 255 255
255 255 255 255 255 255 255 255 255 255 255 255 255 255 255 255
255 255 255 255 255 255 255 255 255 255 255 255 255 255 255 255
255 255 255 255 218 223 219 177 223 174 227 255 255 255 255 255
255 255 255 255 200 247 238 232 174  41  87 132 255 255 255 255
255 255 255 255  91  44  87 180  54 130  56 255  77 255 255 255
255 255 255 255  84 132  56  96  74 130 139 135 180 255 255 255
255 255 255 255 159  51  64 224 224  48  98 243 255 255 255 255
255 255 255 255  72 164 203 130  59 221  74 220 239 255 255 255
255 255 255 255  43 194 183 108  59 189 177  34 235 255 255 255
255 255 255 255  88  63 224  62  50  71 193  49 154 255 255 255
255 255 255 216 124 153 163 196  63 182 166  35 144 255 255 255
255 255 200  88 234 227  84  94  69  61  97 208 141 234 255 255
255 255 235 138 237 147 235 116 113 204  72 228 212 222 164 255
255 168 232 173  61 107 174 224 232 141 206 204 227 254 255 255
255 255 250 228 249 253 195 255 250 249 255 254 249 255 255 255
255 255 219 255 138  93 219 219 255 255 255 255 255 255 255 255
255 255 255 255 255 255 255 255 255 255 255 255 255 255 255 255

255 255 255 255 255 255 255 255 255 255 255 255 255 255 255 255
255 255 255 255 255 255 255 255 255 255 255 163 255 255 255 255
255 255 255 255 255 255 255 255 255 255 234 221 254 255 255 255
255 255 255  76 180 255 239 235 153 142 141 212 226 249 255 255
255 255 130 255 134 242 220  32  48  32 208 227 203 254 255 255
255 227  86  55 137  98  72 176 192 164  95  70 204 254 255 255
255 173  38 128 129  46 221 188  70 180  60 204 140 249 255 255
255 223 174  52  73 223  57  58  48  61  66 113 232 250 255 255
255 176 231 180  93 224 130 106  60 194  92 116 224 255 219 255
255 218 238  86  55  63 203 181 223 162  83 234 173 194 219 255
255 222 246  41 131  48 163 193  62 153 227 146 107 253  92 255
255 218 200  89  81 158  71  41  87 122 233 236  60 249 138 255
255 255 255 255 255 255 255 255 255 216  86 137 172 228 255 255
255 255 255 255 255 255 255 255 255 255 199 235 232 250 219 255
255 255 255 255 255 255 255 255 255 255 255 255 168 255 255 255
255 255 255 255 255 255 255 255 255 255 255 255 255 255 255 255
255 255 255 255 255 255 255 255 255 255 255 255 255 255 255 255
255 255 255 255 255 255 255 255 255 255 255 163 255 255 255 255
255 255 255 255 255 255 255 255 255 255 233 221 254 255 255 255
255 255 255  76 180 255 239 235 153 142 140 211 226 249 255 255
255 255 129 255 134 242 219  31  47  31 208 227 203 254 255 255
255 227  85  54 137  98  71 175 191 163  94  70 204 253 255 255
255 172  38 128 128  45 221 187  69 179  59 204 139 249 255 255
255 222 173  50  73 223  57  58  46  59  65 112 232 250 255 255
255 175 231 180  93 223 129 105  60 194  92 115 224 255 219 255
255 218 237  85  54  62 202 181 223 161  83 234 172 194 219 255
255 222 246  39 130  46 162 193  61 152 226 146 107 253  92 255
255 218 200  87  80 157  70  39  87 122 233 235  59 248 137 255
255 255 255 255 255 255 255 255 255 216  86 137 171 227 255 255
255 255 255 255 255 255 255 255 255 255 199 235 231 250 219 255
255 255 255 255 255 255 255 255 255 255 255 255 167 255 255 255
255 255 255 255 255 255 255 255 255 255 255 255 255 255 255 255
255 255 255 255 255 255 255 255 255 255 255 255 255 255 255 255
255 255 255 255 255 255 255 255 255 255 255 164 255 255 255 255
255 255 255 255 255 255 255 255 255 255 234 222 254 255 255 255
255 255 255  77 180 255 239 235 154 144 141 212 227 249 255 255
255 255 132 255 135 243 220  34  49  35 208 228 204 254 255 255
255 227  87  56 139  98  74 177 193 166  97  72 206 255 255 255
255 174  41 130 130  48 221 189  71 182  61 204 141 249 255 255
255 223 174  54  74 224  59  59  50  63  69 113 232 250 255 255
255 177 232 180  96 224 130 108  62 196  94 116 224 255 219 255
255 219 238  87  56  64 203 183 224 163  84 235 174 195 219 255
255 223 247  44 132  51 164 194  63 153 227 147 107 253  93 255
255 218 200  91  84 159  72  43  88 124 234 237  61 249 138 255
255 255 255 255 255 255 255 255 255 216  88 138 173 228 255 255
255 255 255 255 255 255 255 255 255 255 200 235 232 250 219 255
255 255 255 255 255 255 255 255 255 255 255 255 168 255 255 255
255 255 255 255 255 255 255 255 255 255 255 255 255 255 255 255

255 255 255 255 255 255 255 255 255 255 254 254 255 255 255 255
255 255 255 255 255 244 254 255 233 232 155 177 245 235 255 255
255 255 254 246 249 193 236 247 188 189 241 195 127 225 254 255
255 251 210 236 195 158 168 231 190 149 195 120 203 217 187 255
250 171 204 157 201 124 188 133 139 199 171 186 196 209 194 254
255 221 159 161 153 133 105  99 104 167 193 177 112 173 246 255
255 255 220 135  49  81 120 104  92 152 166 138 211 255 255 255
255 255 255 181  53  77 109  84  61 114  59 113 231 255 255 255
255 255 255 195  56  99  92 124 136 113 128  73 245 255 255 255
255 255 255 242 147 116 133 149 172 181 142 124 255 255 255 255
255 255 255 254 143 172 101 157 187 123  50 132 254 255 255 255
255 255 255 175 171 121 130  80  98 113  94  69 243 255 255 255
255 255 255 191 245 120 133  58 137  83  71  71 241 255 255 255
255 255 255 255 128  92 119 143 107 134 178 171 254 255 255 255
255 255 255 255 246 170 170 189 164 200 213 245 255 255 255 255
255 255 255 255 255 255 255 255 255 255 255 255 255 255 255 255
255 255 255 255 255 255 255 255 255 255 254 254 255 255 255 255
255 255 255 255 255 244 254 255 233 232 155 177 245 235 255 255
255 255 254 245 249 193 236 247 187 189 241 194 126 225 254 255
255 251 210 235 195 158 168 231 190 148 195 119 202 216 187 255
249 171 204 156 201 122 187 132 138 199 170 185 196 209 194 254
255 221 159 161 152 132 104  98 104 167 193 177 111 173 246 255
255 255 220 135  47  80 119 104  91 152 165 137 211 255 255 255
255 255 255 181  52  76 108  83  60 113  58 112 231 255 255 255
255 255 255 195  55  99  92 123 135 113 127  72 245 255 255 255
255 255 255 242 146 115 133 148 171 180 141 123 255 255 255 255
255 255 255 254 142 172 101 157 187 123  48 131 254 255 255 255
255 255 255 175 171 121 129  79  96 112  93  67 243 255 255 255
255 255 255 191 244 119 133  57 136  82  70  70 241 255 255 255
255 255 255 255 127  91 118 142 107 133 177 170 254 255 255 255
255 255 255 255 246 170 170 188 164 199 213 245 255 255 255 255
255 255 255 255 255 255 255 255 255 255 255 255 255 255 255 255
255 255 255 255 255 255 255 255 255 255 254 254 255 255 255 255
255 255 255 255 255 244 254 255 233 233 156 178 245 235 255 255
255 255 254 246 249 194 236 247 188 190 241 195 128 225 254 255
255 251 211 236 196 159 169 231 191 149 195 121 203 217 188 255
250 171 205 158 202 125 188 134 140 199 171 186 197 210 194 254
255 221 160 162 154 134 106 100 106 168 193 177 113 174 247 255
255 255 220 136  50  83 121 107  94 152 167 140 212 255 255 255
255 255 255 181  54  79 110  86  62 114  60 113 231 255 255 255
255 255 255 195  58 101  94 124 137 114 128  75 245 255 255 255
255 255 255 242 148 117 134 149 172 181 143 125 255 255 255 255
255 255 255 254 144 173 103 158 188 125  53 133 254 255 255 255
255 255 255 175 172 122 131  81  99 115  96  71 243 255 255 255
255 255 255 191 245 121 135  61 137  84  74  73 241 255 255 255
255 255 255 255 129  93 120 144 109 134 178 171 254 255 255 255
255 255 255 255 246 171 171 189 165 200 213 245 255 255 255 255
255 255 255 255 255 255 255 255 255 255 255 255 255 255 255 255

255 255 255 255 254 255 255 255 255 255 255 255 255 255 255 255
255 255 254 187 194 246 255 255 255 255 255 255 255 255 255 255
255 235 225 217 209 173 255 255 255 255 255 255 255 255 255 255
255 245 127 203 196 112 211 231 245 255 254 243 241 254 255 255
254 177 195 120 186 177 138 113  73 124 132  69  71 171 245 255
254 155 241 195 171 193 166  59 128 142  50  94  71 178 213 255
255 232 189 149 199 167 152 114 113 181 123 113  83 134 200 255
255 233 188 190 139 104  92  61 136 172 187  98 137 107 164 255
255 255 247 231 133  99 104  84 124 149 157  80  58 143 189 255
255 254 236 168 188 105 120 109  92 133 101 130 133 119 170 255
255 244 193 158 124 133  81  77  99 116 172 121 120  92 170 255
255 255 249 195 201 153  49  53  56 147 143 171 245 128 246 255
255 255 246 236 157 161 135 181 195 242 254 175 191 255 255 255
255 255 254 210 204 159 220 255 255 255 255 255 255 255 255 255
255 255 255 251 171 221 255 255 255 255 255 255 255 255 255 255
255 255 255 255 250 255 255 255 255 255 255 255 255 255 255 255
255 255 255 255 254 255 255 255 255 255 255 255 255 255 255 255
255 255 254 187 194 246 255 255 255 255 255 255 255 255 255 255
255 235 225 216 209 173 255 255 255 255 255 255 255 255 255 255
255 245 126 202 196 111 211 231 245 255 254 243 241 254 255 255
254 177 194 119 185 177 137 112  72 123 131  67  70 170 245 255
254 155 241 195 170 193 165  58 127 141  48  93  70 177 213 255
255 232 189 148 199 167 152 113 113 180 123 112  82 133 199 255
255 233 187 190 138 104  91  60 135 171 187  96 136 107 164 255
255 255 247 231 132  98 104  83 123 148 157  79  57 142 188 255
255 254 236 168 187 104 119 108  92 133 101 129 133 118 170 255
255 244 193 158 122 132  80  76  99 115 172 121 119  91 170 255
255 255 249 195 201 152  47  52  55 146 142 171 244 127 246 255
255 255 245 235 156 161 135 181 195 242 254 175 191 255 255 255
255 255 254 210 204 159 220 255 255 255 255 255 255 255 255 255
255 255 255 251 171 221 255 255 255 255 255 255 255 255 255 255
255 255 255 255 249 255 255 255 255 255 255 255 255 255 255 255
255 255 255 255 254 255 255 255 255 255 255 255 255 255 255 255
255 255 254 188 194 247 255 255 255 255 255 255 255 255 255 255
255 235 225 217 210 174 255 255 255 255 255 255 255 255 255 255
255 245 128 203 197 113 212 231 245 255 254 243 241 254 255 255
254 178 195 121 186 177 140 113  75 125 133  71  73 171 245 255
254 156 241 195 171 193 167  60 128 143  53  96  74 178 213 255
255 233 190 149 199 168 152 114 114 181 125 115  84 134 200 255
255 233 188 191 140 106  94  62 137 172 188  99 137 109 165 255
255 255 247 231 134 100 107  86 124 149 158  81  61 144 189 255
255 254 236 169 188 106 121 110  94 134 103 131 135 120 171 255
255 244 194 159 125 134  83  79 101 117 173 122 121  93 171 255
255 255 249 196 202 154  50  54  58 148 144 172 245 129 246 255
255 255 246 236 158 162 136 181 195 242 254 175 191 255 255 255
255 255 254 211 205 160 220 255 255 255 255 255 255 255 255 255
255 255 255 251 171 221 255 255 255 255 255 255 255 255 255 255
255 255 255 255 250 255 255 255 255 255 255 255 255 255 255 255
