255 255 255 255 255 255 255 255 255 255 255 255 255 255 255 255
255 255 255 255 255 245 255 117  59 233 254 255 255 255 255 255
255 255 255 163 255 231 194 137  79 139 127 255 186 255 255 255
255 255 246 220  14 219 146   1   9 126 253   8 207 254 255 255
255 233 117  51 133  18  25  90 136  99  91 128  31 148 236 255
255 183   1 191 151 140 189 142 121 245 214 200 184   1 112 255
255 223 197 125 141  56  41 228 247 109  22 178 203  54 220 255
255 241  31 249  87 191 164 255 255 187 248 191 250  55  94 255
255 138 149  77 162 183 151 152 214  97 219 117 103 128 247 255
255 239 210 251 184 107 251  52  15 254  32 121 255 249 182 255
255 255 211 255 255 135 243 208 238 246  44 254 118 145 246 255
255 254 255 255 255 104 110 254 227 220  90 148 221 255 229 255
255 255 255 254 147 119  36   1   0  94 130 175 227 255 255 255
255 255 255 254 117  59  44  59  96  70 188 149 245 255 255 255
255 255 255 255 255 237 243  80 138 211 104 255 255 255 255 255
255 255 255 255 255 255 255 219  79 255 255 255 255 255 255 255
255 255 255 255 255 255 255 255 255 255 255 255 255 255 255 255
255 255 255 255 255 245 255 117  59 233 254 255 255 255 255 255
255 255 255 163 255 231 194 137  79 139 127 255 186 255 255 255
255 255 246 220  14 219 146   1   9 126 253   8 207 254 255 255
255 233 117  51 133  18  25  90 136  99  91 128  31 148 236 255
255 183   1 191 151 140 189 142 121 245 214 200 184   1 112 255
255 223 197 125 141  56  41 228 247 109  22 178 203  54 220 255
255 240  31 249  87 191 164 255 255 187 248 191 250  55  94 255
255 138 149  77 162 183 151 152 214  97 219 117 103 128 247 255
255 239 210 251 184 107 251  52  15 254  32 121 255 249 182 255
255 255 211 255 255 135 243 208 237 246  44 254 118 145 246 255
255 254 255 255 255 104 110 254 227 220  90 148 221 255 229 255
255 255 255 254 147 119  36   1   0  94 130 175 227 255 255 255
255 255 255 254 117  59  44  59  96  70 188 149 245 255 255 255
255 255 255 255 255 237 243  80 138 211 104 255 255 255 255 255
255 255 255 255 255 255 255 219  79 255 255 255 255 255 255 255
255 255 255 255 255 255 255 255 255 255 255 255 255 255 255 255
255 255 255 255 255 245 255 117  59 233 254 255 255 255 255 255
255 255 255 163 255 231 194 137  79 139 127 255 186 255 255 255
255 255 246 220  14 219 146   1   9 126 253   8 207 254 255 255
255 233 117  51 133  18  25  90 136  99  91 128  31 148 236 255
255 183   1 191 151 140 189 142 121 245 214 200 184   1 112 255
255 223 197 125 141  56  41 228 247 109  22 178 203  54 220 255
255 241  31 249  87 191 164 255 255 187 248 191 250  55  94 255
255 138 149  77 162 183 151 152 214  97 219 117 103 128 247 255
255 239 210 251 184 107 251  52  15 254  32 121 255 249 182 255
255 255 211 255 255 135 243 208 238 246  44 254 118 145 246 255
255 254 255 255 255 104 110 254 227 220  90 148 221 255 229 255
255 255 255 254 147 119  36   1   0  94 130 175 227 255 255 255
255 255 255 254 117  59  44  59  96  70 188 149 245 255 255 255
255 255 255 255 255 237 243  80 138 211 104 255 255 255 255 255
255 255 255 255 255 255 255 219  79 255 255 255 255 255 255 255

255 255 255 255 255 255 255 255 255 255 255 255 255 255 255 255
255 255 255 255 236 112 220  94 247 182 246 229 255 255 255 255
255 255 255 254 148   1  54  55 128 249 145 255 255 255 255 255
255 255 186 207  31 184 203 250 103 255 118 221 227 245 255 255
255 255 255   8 128 200 178 191 117 121 254 148 175 149 255 255
255 254 127 253  91 214  22 248 219  32  44  90 130 188 104 255
255 233 139 126  99 245 109 187  97 254 246 220  94  70 211 255
255  59  79   9 136 121 247 255 214  15 238 227   0  96 138  79
255 117 137   1  90 142 228 255 152  52 208 254   1  59  80 219
255 255 194 146  25 189  41 164 151 251 243 110  36  44 243 255
255 245 231 219  18 140  56 191 183 107 135 104 119  59 237 255
255 255 255  14 133 151 141  87 162 184 255 255 147 117 255 255
255 255 163 220  51 191 125 249  77 251 255 255 254 254 255 255
255 255 255 246 117   1 197  31 149 210 211 255 255 255 255 255
255 255 255 255 233 183 223 241 138 239 255 254 255 255 255 255
255 255 255 255 255 255 255 255 255 255 255 255 255 255 255 255
255 255 255 255 255 255 255 255 255 255 255 255 255 255 255 255
255 255 255 255 236 112 220  94 247 182 246 229 255 255 255 255
255 255 255 254 148   1  54  55 128 249 145 255 255 255 255 255
255 255 186 207  31 184 203 250 103 255 118 221 227 245 255 255
255 255 255   8 128 200 178 191 117 121 254 148 175 149 255 255
255 254 127 253  91 214  22 248 219  32  44  90 130 188 104 255
255 233 139 126  99 245 109 187  97 254 246 220  94  70 211 255
255  59  79   9 136 121 247 255 214  15 237 227   0  96 138  79
255 117 137   1  90 142 228 255 152  52 208 254   1  59  80 219
255 255 194 146  25 189  41 164 151 251 243 110  36  44 243 255
255 245 231 219  18 140  56 191 183 107 135 104 119  59 237 255
255 255 255  14 133 151 141  87 162 184 255 255 147 117 255 255
255 255 163 220  51 191 125 249  77 251 255 255 254 254 255 255
255 255 255 246 117   1 197  31 149 210 211 255 255 255 255 255
255 255 255 255 233 183 223 240 138 239 255 254 255 255 255 255
255 255 255 255 255 255 255 255 255 255 255 255 255 255 255 255
255 255 255 255 255 255 255 255 255 255 255 255 255 255 255 255
255 255 255 255 236 112 220  94 247 182 246 229 255 255 255 255
255 255 255 254 148   1  54  55 128 249 145 255 255 255 255 255
255 255 186 207  31 184 203 250 103 255 118 221 227 245 255 255
255 255 255   8 128 200 178 191 117 121 254 148 175 149 255 255
255 254 127 253  91 214  22 248 219  32  44  90 130 188 104 255
255 233 139 126  99 245 109 187  97 254 246 220  94  70 211 255
255  59  79   9 136 121 247 255 214  15 238 227   0  96 138  79
255 117 137   1  90 142 228 255 152  52 208 254   1  59  80 219
255 255 194 146  25 189  41 164 151 251 243 110  36  44 243 255
255 245 231 219  18 140  56 191 183 107 135 104 119  59 237 255
255 255 255  14 133 151 141  87 162 184 255 255 147 117 255 255
255 255 163 220  51 191 125 249  77 251 255 255 254 254 255 255
255 255 255 246 117   1 197  31 149 210 211 255 255 255 255 255
255 255 255 255 233 183 223 241 138 239 255 254 255 255 255 255
255 255 255 255 255 255 255 255 255 255 255 255 255 255 255 255

255 255 255 255 255 234 201 156 182 235 238 255 255 255 255 255
255 255 255 254 218 139 105 143 142 154 151 233 255 255 255 255
255 255 254 204 169 137  50  49  93  71 137 180 216 254 255 255
255 255 235 176 144 119  26  25  21  34 117 173 165 245 255 255
255 245 219 191 183 144 142 186 191 119 153 228 238 224 247 255
255 217 187 159 225  50 188 135 168 168  70 217 238 190 231 255
253 190 135 219 149  63 188 141 143 189  66 146 219 127 208 254
251 222 131 159 107 154 185 219 219 175 141 127 126 163 217 253
255 187 116 175  71 196 201 212 214 185 186  87 176 116 203 255
253 186 160 106  67 110  75 201 211  69 109  57 128 154 195 255
253 152  45 161 106 201 204 138 177 211 172 105 172  30 175 254
254 160  73 103 126  68  80 125 117  87  41 126 100  67 193 255
255 246 233 193  67 218 130  28  43 168 203  87 210 230 251 255
255 255 248 232 215 134 141  76 102 123 174 238 230 252 255 255
255 255 255 254 230 220 220 115 167 225 227 234 255 255 255 255
255 255 255 255 255 255 255 253 253 255 255 255 255 255 255 255
255 255 255 255 255 234 201 156 182 235 238 255 255 255 255 255
255 255 255 254 218 139 105 143 142 154 151 233 255 255 255 255
255 255 254 204 169 137  50  49  93  71 137 180 216 254 255 255
255 255 235 176 144 119  26  25  21  34 117 173 165 245 255 255
255 245 219 191 183 144 142 186 191 119 153 228 238 224 247 255
255 217 187 159 225  50 188 135 168 168  70 217 238 190 231 255
253 190 135 219 149  63 188 141 143 189  66 146 219 127 207 254
251 222 131 159 107 154 185 219 219 175 141 127 126 163 217 253
255 187 116 174  71 196 201 212 214 185 186  87 176 116 203 255
253 186 160 106  67 110  75 201 211  69 108  57 128 154 195 255
253 151  45 161 106 201 204 138 177 211 172 105 172  30 175 254
254 160  73 103 126  68  80 125 117  87  41 126 100  67 193 255
255 246 233 193  67 218 130  28  43 168 203  87 209 230 251 255
255 255 248 232 215 134 141  76 102 123 174 238 230 252 255 255
255 255 255 254 230 220 220 115 167 225 227 234 255 255 255 255
255 255 255 255 255 255 255 253 253 255 255 255 255 255 255 255
255 255 255 255 255 234 201 156 182 235 238 255 255 255 255 255
255 255 255 254 218 139 105 143 142 154 151 233 255 255 255 255
255 255 254 204 169 137  50  49  93  71 137 180 216 254 255 255
255 255 235 176 144 119  26  25  21  34 117 173 165 245 255 255
255 245 219 191 183 144 142 186 191 119 153 228 238 224 247 255
255 217 187 159 225  50 188 135 168 168  70 217 238 190 231 255
253 190 135 219 149  63 188 141 143 189  66 146 219 127 208 254
251 222 131 159 107 154 185 219 219 175 141 127 126 163 217 253
255 187 116 175  71 196 201 212 214 185 186  87 176 116 203 255
253 186 160 106  67 110  75 201 211  69 109  57 128 154 195 255
253 152  45 161 106 201 204 138 177 211 172 105 172  30 175 254
254 160  73 103 126  68  80 125 117  87  41 126 100  67 193 255
255 246 233 193  67 218 130  28  43 168 203  87 210 230 251 255
255 255 248 232 215 134 141  76 102 123 174 238 230 252 255 255
255 255 255 254 230 220 220 115 167 225 227 234 255 255 255 255
255 255 255 255 255 255 255 253 253 255 255 255 255 255 255 255

255 255 255 255 255 255 254 253 255 255 254 255 255 255 255 255
255 255 255 255 247 231 208 217 203 195 175 193 251 255 255 255
255 255 254 245 224 190 127 163 116 154  30  67 230 252 255 255
255 255 216 165 238 238 219 126 176 128 172 100 210 230 255 255
255 233 180 173 228 217 146 127  87  57 105 126  87 238 234 255
238 151 137 117 153  70  66 141 186 109 172  41 203 174 227 255
235 154  71  34 119 168 189 175 185  69 211  87 168 123 225 255
182 142  93  21 191 168 143 219 214 211 177 117  43 102 167 253
156 143  49  25 186 135 141 219 212 201 138 125  28  76 115 253
201 105  50  26 142 188 188 185 201  75 204  80 130 141 220 255
234 139 137 119 144  50  63 154 196 110 201  68 218 134 220 255
255 218 169 144 183 225 149 107  71  67 106 126  67 215 230 255
255 254 204 176 191 159 219 159 175 106 161 103 193 232 254 255
255 255 254 235 219 187 135 131 116 160  45  73 233 248 255 255
255 255 255 255 245 217 190 222 187 186 152 160 246 255 255 255
255 255 255 255 255 255 253 251 255 253 253 254 255 255 255 255
255 255 255 255 255 255 254 253 255 255 254 255 255 255 255 255
255 255 255 255 247 231 207 217 203 195 175 193 251 255 255 255
255 255 254 245 224 190 127 163 116 154  30  67 230 252 255 255
255 255 216 165 238 238 219 126 176 128 172 100 209 230 255 255
255 233 180 173 228 217 146 127  87  57 105 126  87 238 234 255
238 151 137 117 153  70  66 141 186 108 172  41 203 174 227 255
235 154  71  34 119 168 189 175 185  69 211  87 168 123 225 255
182 142  93  21 191 168 143 219 214 211 177 117  43 102 167 253
156 143  49  25 186 135 141 219 212 201 138 125  28  76 115 253
201 105  50  26 142 188 188 185 201  75 204  80 130 141 220 255
234 139 137 119 144  50  63 154 196 110 201  68 218 134 220 255
255 218 169 144 183 225 149 107  71  67 106 126  67 215 230 255
255 254 204 176 191 159 219 159 174 106 161 103 193 232 254 255
255 255 254 235 219 187 135 131 116 160  45  73 233 248 255 255
255 255 255 255 245 217 190 222 187 186 151 160 246 255 255 255
255 255 255 255 255 255 253 251 255 253 253 254 255 255 255 255
255 255 255 255 255 255 254 253 255 255 254 255 255 255 255 255
255 255 255 255 247 231 208 217 203 195 175 193 251 255 255 255
255 255 254 245 224 190 127 163 116 154  30  67 230 252 255 255
255 255 216 165 238 238 219 126 176 128 172 100 210 230 255 255
255 233 180 173 228 217 146 127  87  57 105 126  87 238 234 255
238 151 137 117 153  70  66 141 186 109 172  41 203 174 227 255
235 154  71  34 119 168 189 175 185  69 211  87 168 123 225 255
182 142  93  21 191 168 143 219 214 211 177 117  43 102 167 253
156 143  49  25 186 135 141 219 212 201 138 125  28  76 115 253
201 105  50  26 142 188 188 185 201  75 204  80 130 141 220 255
234 139 137 119 144  50  63 154 196 110 201  68 218 134 220 255
255 218 169 144 183 225 149 107  71  67 106 126  67 215 230 255
255 254 204 176 191 159 219 159 175 106 161 103 193 232 254 255
255 255 254 235 219 187 135 131 116 160  45  73 233 248 255 255
255 255 255 255 245 217 190 222 187 186 152 160 246 255 255 255
255 255 255 255 255 255 253 251 255 253 253 254 255 255 255 255
